24,17
26,59
0,504
0,502
26,58
0,458
271,35
49,23
49,22
49,21
49,20
49,19
49,18
49,17
49,16
49,15
49,14
49,13
49,12
49,11
49,10
49,9
49,8
49,7
49,6
49,5
49,4
49,1
46,12
46,11
46,10
46,9
46,8
46,7
46,6
46,5
46,4
46,1
30,19
30,18
30,17
30,16
30,15
30,14
30,13
30,12
30,9
30,8
30,1
26,57
26,56
26,55
26,54
26,53
26,52
26,51
26,50
26,49
26,48
26,47
26,46
26,45
26,44
26,43
26,42
26,41
26,40
26,39
26,38
26,37
26,36
26,35
26,34
26,33
26,32
26,31
26,30
26,29
26,28
26,27
26,26
26,1
24,16
24,15
24,14
24,13
24,12
24,11
24,4
24,1
20,2
20,1
14,13
14,10
12,3
20,3
12,2
12,1
11,30
11,29
11,28
11,27
11,26
11,25
11,24
11,23
11,22
11,21
11,20
11,19
11,18
11,17
11,16
11,15
11,14
11,13
11,12
11,11
11,10
11,9
11,8
11,7
11,6
11,5
19,2
11,4
11,3
19,1
11,2
19,3
11,1
10,312
10,309
10,283
10,275
10,251
10,250
10,248
10,231
10,178
10,175
10,87
10,73
10,65
10,7
10,3
10,2
10,1
9,7
9,6
9,4
9,3
9,2
9,1
8,18
8,15
8,14
8,13
8,12
8,11
18,1
8,8
8,7
8,6
8,5
8,4
18,3
8,3
8,2
8,1
0,515
0,495
0,447
0,444
14,1
14,9
14,3
